
1.2682926829268292682926829268293


TWO

   9  ---    83  107  154  168  189  ---   192  198  214  231  241  410  444  455  468  508  ---
  14   63  ---    		83  105  	  151  181  190  ---   192  204  227  409  447  464  ---
  14   63  ---    		82  101  	  154  ---        248  408  ---
  14   63  ---    		82  100  	  154  ---        264  407  ---
  14   63  ---         		100  	  154  ---        255  407  483  ---
  14   35   63  ---     85  104  	  154  ---   209       408  484  ---
  14   35   63  ---     84  104  120  154  ---   208       407  486  ---
  13   35   63  ---70   84  104  119  154  ---   212       407  489  ---
  14   35   63  ---71   84  104  119  154  ---        276  405  489  ---
  14   35   63  ---     82  100  	  154  ---   201       404  495  ---
  13   35   63  ---     78   99  	  153  ---   200       405  ---
  14   35   63  ---     77   97  	  152  ---   199       405  448  ---
  14   63  ---    76        102  131  152  ---        256  404  455  ---
  13   63  ---    76        103       151  ---   194       409  496  ---

THREE

  11   21   63  ---    74  103  117  129  143  ---   					200  241  263  296  318  		409   	455  475  ---
  19   		63  ---    69   94  118  ---   						   193  					 			410  				455  ---
  19   		63  ---    69   95  124  ---   						   192  						  				451  ---
  20   		63  ---    71   97  	  131  ---   		 										336  			413  ---
  19   		63  ---    		98  	   131 145  ---   			   194  					 					415  ---
  19  ---    				98 				152  ---  	 		   192  ---
  19   		63  ---    		94  104  		156    		187  ---   192  											488  ---
  14  ---    				95  115  		156    		186  ---   192  ---
  14  ---    				97  116  		158    		186  ---   192  ---
  14  ---    				96  116  		   	163  	187  ---   192  											480  ---
  14  ---    				96  117  		   	164  	188  ---   192  								418  ---
  14  ---    				97  117  		   	165  	190  ---   192  								412  ---
  14  ---    				96  108  121  	     162  	191  ---   193  		   261  		   		411  		485  ---
  15   34  ---   			100  	 121  	141  163  	191   	   197  						382		410  433  	471  506  ---
  17  ---    				99  119  142  	163       	191  ---   194  	245  		317  	381  	411  432  	469  508  ---

1.2083333333333333333333333333333


