
		three						three							two							two


65 160 180 263 293                                                                       106 138 166 177 180
 94 147 167 182 203                                                                      151 109 116 123 126
125 113 138 148 152                                                                       85 134 178 192 217
 82 153 173 208 223         113 119 146 159 169              137 113 118 128 139         104 106 139 147 177
 70 117 171 244 260          76 152 176 215 228              111 110 145 161 172          84 130 171 182 227
 68 158 204 248 280          74 155 182 221 258              113 132 142 161 169         104 139 146 177 183
 69 124 156 201 276          73 150 198 221 261               84 133 178 219 227          81 127 148 179 187
 69 117 139 150 176         107 122 135 145 178               83 133 178 212 230          82 125 178 192 224
 69 124 142 172 194          74 137 158 174 194               87 118 147 171 202          82 125 178 226
 70 125 141 191 257          68 139 163 173 222               87 118 152 173 209          83 122 174 218
 71 109 142 159 191          69 137 169 179 218               85 105 121 140 177          85 121 172 214
 65 123 156 209 218          70 118 127 138 187               83 107 125 183 220          85 121 170 215
 91 108 115 148 163          76 109 117 127 172               82 108 125 151 185          84 121 152 173 227
 98 113 129 135 162          84 105 115 172 180               82 125 148 182 225          84 110 121 173
 98 113 142 164 192          95 109 152 160 166               82 124 182 224              65 136 158 224 284
 98 113 120 142 164          96 114 119 158 163               82 124 158 182 224          88 115 137 165
 99 121 134 142 163          97 119 134 162 169               82 124 158 182 224          82 121 176
 99 121 141 148 163          96 114 120 164 170               64 128 151 203 235          82 123 147 176
 99 121 135 142 163          96 112 121 165 170               82 118 125 142 185          82 115 125 147 176
100 121 135 163 189          96 114 120 141 170               82 107 125 152 184          83 125 144 175
101 120 134 158 187          96 113 119 127 168               75 117 137 165 201          82 126 148 178
102 114 120 135 157         100 121 142 163 191               76 135 165 198 231          82 126 150 179
103 114 124 128 157          99 112 121 165 192               77 133 167 196 237         105 138
 98 106 129 161 166         115 115 140 166                   76 136 168 201             105 140
 99 114 123 129 160          97 116 172 192                   75 120 140 172 185         108 135
100 106 114 122 169         113 130 142 165                  111 125                     147
101 113 121 167 186         108 105 118 135 159
106 116 159 177
108 109 145 156 174
119 150 160
105 115 151 171 181
103 115 154 185
108 175
146 123 130
144 125























106 138 166 177 180
151 109 116 123 126
 85 134 178 192 217
104 106 139 147 177
 84 130 171 182 227
104 139 146 177 183
 81 127 148 179 187
 82 125 178 192 224
 82 125 178 226
 83 122 174 218
 85 121 172 214
 85 121 170 215
 84 121 152 173 227
 84 110 121 173
 65 136 158 224 284
 88 115 137 165
 82 121 176
 82 123 147 176
 82 115 125 147 176
 83 125 144 175
 82 126 148 178
 82 126 150 179
105 138
105 140
108 135
147





