  0    0    0    0    0    0    0    0           0    0    0    0    0    0    0    0        0    0    0    0    0    0    0    0
110   11   15   11   10    0    0    0         109   17   10   10   10    0    0    0        5  218   11   15   10   11    0    0
 85   12   10   11   15   11   10   10         109   10   15   10   10   10   10    0        5  166   13   11   15   10   10   10
109   10   11   15   10   10   10   10         108   11   15   10   10   10   10   10        5  166   13   11   15   10   10   10
 84   12   11   15   10   10   10    0         107   11   16   10   10   10   10    0        5  156   13   11   15   10   10   10
 57   14   11   11   11   15   10   10         105   11   16   10   10   10   10   10        6   95   13   14   11   17   10    0
  4  142   13   12   11   11   16   11          80   13   11   15   10   10   10   10        7   50   16   13   14   11   17    0
  4  142   13   12   13   16   10    0          55   14   13   11   16   10   10   10        8   43   13   12    0    0    0    0
  9   40   13   22   20    0    0    0           5  108   14   13   11   16   11   10        8   50   11    0    0    0    0    0
  9   38   13   12    0    0    0    0           6   60   14   14   13   11   16   11        8   48   13    0    0    0    0    0
  9   38   13   12    0    0    0    0           8   43   13   22    0    0    0    0        8   48   13   11    0    0    0    0
  9   43   12   43    0    0    0    0           9   38   13    0    0    0    0    0        8   50   13   12    0    0    0    0
  9   44   13   38    0    0    0    0           9   38   13   13    0    0    0    0        9   45   12   12    0    0    0    0
  9   44   13   13   27    0    0    0           9   40   13   13    0    0    0    0        9   46   12   12   14    0    0    0
  9   45   13   13   12   22    0    0           9   53   13    0    0    0    0    0        8   53   12   12   13    0    0    0
  9   46   12   14   11   22    0    0           9   53   13    0    0    0    0    0        8   55   12   13   12    0    0    0
  9   47   12   14   11   22    0    0           9   53   15    0    0    0    0    0        8   56   12   13   12    0    0    0
  8   55   12   14   11   22    0    0           9   53   15    0    0    0    0    0        8   57   12   13    0    0    0    0
  8   57   12   14   11   22    0    0           9   53   16    0    0    0    0    0        8   58   11   13    0    0    0    0
  8   57   12   14   11   21    0    0           8   60   16   12    0    0    0    0        8   58   12   13    0    0    0    0
  7   67   12   13   11   21    0    0           8   60   11   13   11    0    0    0        8   58   12   13    0    0    0    0
  7   67   12   13   11   21    0    0           8   60   11   13   11    0    0    0        8   58   12   13    0    0    0    0
  7   67   12   13   11   21    0    0           8   60   11   14   11    0    0    0        8   58   12   13   25    0    0    0
  7   67   12   13   25    0    0    0           8   60   11   14   11    0    0    0        8   58   12   13   25    0    0    0
  7   67   12   13   25    0    0    0           7   68   12   13   11    0    0    0        8   58   12   13    0    0    0    0
  7   67   12   13   25    0    0    0           7   68   12   13   11    0    0    0        8   58   12   13    0    0    0    0
  8   58   12   13   25    0    0    0           7   70   11   13   11   21    0    0        8   58   12   13   11   21    0    0
  8   58   12   13   25    0    0    0           7   70   16   12   21    0    0    0        8   58   12   13   11   21    0    0
  8   58   12   13   25    0    0    0           8   61   12   13   11   21    0    0        8   58   12   14   11   21   11    0
  7   68   12   13   11   21    0    0           8   62   16   11   21   11    0    0        7   67   12   14   11   21   11    0
  8   60   12   13   11   21    0    0           7   75   15   11   21   11    0    0        7   67   12   36   11    0    0    0
  7   70   12   13   11   21    0    0           7   81   14   12   21   11    0    0        6   78   12   37   11    0    0    0
  7   70   12   13   11   21    0    0           7   81   14   11   21   11    0    0        3  156   12   38   11    0    0    0
  7   82   14   24    0    0    0    0           7   81   14   12   20    0    0    0        8   58   11   24   15   11    0    0
  8   72   17   20    0    0    0    0           8   71   36    0    0    0    0    0       47   21   13   14   11    0    0    0
 58   17    0    0    0    0    0    0          57   37    0    0    0    0    0    0       47   43   11    0    0    0    0    0
 49   12   17    0    0    0    0    0          60    0    0    0    0    0    0    0       48   42    0    0    0    0    0    0
 59    0    0    0    0    0    0    0          76    0    0    0    0    0    0    0      214    0    0    0    0    0    0    0
  0    0    0    0    0    0    0    0           0    0    0    0    0    0    0    0        0    0    0    0    0    0    0    0


