                                                   0    0    0    0    0    0    0    0
                                                  95    0    0    0    0    0    0    0
                                                  74   11   10   23    0    0    0    0
                                                  63   11   11   11   20   10   11    0          0    0    0    0    0    0    0    0
  0    0    0    0    0    0    0    0            63   13   11   20   10   10   10    0         69   13   11   19   11   10    0    0
 80   12   13   17    0    0    0    0            59   13   11   11   10   19   11   10         68   13   11   11   18   10    0    0
 79   12   11   12   16   10   10    0            57   14   11   12   18   10   10   10         60   13   11   11   11   18   10    0
 80   12   11   10   17   10   10   10            56   14   11   10   11   20   10   10         59   13   11   11   11   18   10    0
 57   14   12   11   11   17   10   10            56   14   11   12   18   11   10   10         58   13   11   11   21   10    0    0
 56   14   12   11   11   17   10   10            55   13   12   12   18   10   11   10         57   13   11   11   10   18   10   10
 41   13   13   12   11   19   10   10            42   13   13   11   12   17   11   10         56   13   12   11   10   19   10    0
  5   84   13   13   12   11   19   10             5   84   12   14   11   22   12    0         42   13   13   12   11   10   19   10
  6   70   12   14   12   11   18   11             7   60   12   14   11   22    0    0          5   84   13   14   12   11   10   16
  7   58   12   14   12   21    0    0             7   58   12   14   11   23    0    0          7   61   12   14   12   21    0    0
  7   58   12   15   26    0    0    0             7   58   12   14   11   23    0    0          7   61   12   14   12   22    0    0
  7   58   11   15   26    0    0    0             7   58   12   14   27    0    0    0          7   61   12   14   26    0    0    0
  7   70   15   26    0    0    0    0             7   58   12   15   12   22    0    0          7   61   12   14   26    0    0    0
  7   71   15   26    0    0    0    0             7   57   12   15   26    0    0    0          7   61   11   14   26   12    0    0
  7   72   15   26    0    0    0    0             7   58   12   15   26    0    0    0          7   62   11   14   26   12    0    0
  7   72   15   26    0    0    0    0             7   58   12   14   26    0    0    0          7   62   11   14   32    0    0    0
  7   72   15   26   11    0    0    0             7   57   12   15   26    0    0    0          7   61   11   14   32    0    0    0
  7   61   11   14   26   11    0    0             7   57   12   15   26    0    0    0          7   58   12   14   32    0    0    0
  7   60   12   14   26   12    0    0             7   55   12   15   27    0    0    0          7   57   12   15   26    0    0    0
  7   72   14   26   12    0    0    0             7   57   12   15   27    0    0    0          7   57   12   15   26    0    0    0
  7   60   12   15   26   12    0    0             7   57   12   14   27    0    0    0          7   57   12   14   26    0    0    0
  7   58   12   15   26    0    0    0             7   57   12   14   27    0    0    0          7   57   12   14   26    0    0    0
  7   57   12   15   26    0    0    0             7   57   12   14   27    0    0    0          7   57   12   14   26    0    0    0
  7   54   12   15   26    0    0    0             7   55   13   14   27    0    0    0          8   51   12   14   26    0    0    0
  7   54   13   15   26    0    0    0             8   48   13   14   27    0    0    0          8   50   12   14   27    0    0    0
  7   54   13   14   26    0    0    0             8   47   13   14   26    0    0    0          8   48   13   14   27    0    0    0
  7   54   13   14   26    0    0    0             8   47   13   14   26    0    0    0          8   47   13   14   27    0    0    0
  7   54   13   14   26    0    0    0             8   47   13   14   12   21    0    0          8   47   13   14   27    0    0    0
  7   54   13   15   25    0    0    0             8   47   13   14   12   22    0    0          8   47   13   14    0    0    0    0
  7   54   13    0    0    0    0    0             8   46   13   18   11   19    0    0          8   47   13   14    0    0    0    0
  6   65    0    0    0    0    0    0             6   61   13   18   11   19    0    0          7   55   13   14   27    0    0    0
  6   91    0    0    0    0    0    0             5   74   14   17   11   19    0    0          7   54   13   14   29    0    0    0
  0    0    0    0    0    0    0    0             5  184   11    0    0    0    0    0          6   63   13   14    0    0    0    0
                                                   8  115   11    0    0    0    0    0          6   61   14   15   27    0    0    0
                                                  92   11    0    0    0    0    0    0          8   48   20    0    0    0    0    0
                                                  94    0    0    0    0    0    0    0         82    0    0    0    0    0    0    0
                                                   0    0    0    0    0    0    0    0          0    0    0    0    0    0    0    0













